  0.2054979E-04  0.3511491E+06
  0.4242492E-04  0.3115431E+06
  0.6571088E-04  0.2896042E+06
  0.9049865E-04  0.2742437E+06
  0.1168851E-03  0.2623716E+06
  0.1449733E-03  0.2526163E+06
  0.1748731E-03  0.2442744E+06
  0.2067012E-03  0.2369357E+06
  0.2405821E-03  0.2303408E+06
  0.2766481E-03  0.2243154E+06
  0.3150401E-03  0.2187368E+06
  0.3559083E-03  0.2135154E+06
  0.3994122E-03  0.2085837E+06
  0.4457218E-03  0.2038893E+06
  0.4950182E-03  0.1993911E+06
  0.5474939E-03  0.1950559E+06
  0.6033540E-03  0.1908563E+06
  0.6628168E-03  0.1867698E+06
  0.7261146E-03  0.1827774E+06
  0.7934948E-03  0.1788628E+06
  0.8652206E-03  0.1750122E+06
  0.9415723E-03  0.1712134E+06
  0.1022848E-02  0.1674560E+06
  0.1109366E-02  0.1637305E+06
  0.1201464E-02  0.1600287E+06
  0.1299501E-02  0.1563435E+06
  0.1403862E-02  0.1526683E+06
  0.1514953E-02  0.1489973E+06
  0.1633209E-02  0.1453254E+06
  0.1759091E-02  0.1416482E+06
  0.1893093E-02  0.1379616E+06
  0.2035737E-02  0.1342624E+06
  0.2187580E-02  0.1305475E+06
  0.2349217E-02  0.1268148E+06
  0.2521278E-02  0.1230622E+06
  0.2704436E-02  0.1192887E+06
  0.2899407E-02  0.1154932E+06
  0.3106953E-02  0.1116758E+06
  0.3327884E-02  0.1078367E+06
  0.3563064E-02  0.1039769E+06
  0.3813411E-02  0.1000981E+06
  0.4079905E-02  0.9620247E+05
  0.4363586E-02  0.9229299E+05
  0.4665563E-02  0.8837329E+05
  0.4987016E-02  0.8444775E+05
  0.5329200E-02  0.8052147E+05
  0.5693454E-02  0.7660032E+05
  0.6081200E-02  0.7269090E+05
  0.6493954E-02  0.6880059E+05
  0.6933327E-02  0.6493746E+05
  0.7401038E-02  0.6111032E+05
  0.7898914E-02  0.5732862E+05
  0.8428900E-02  0.5360239E+05
  0.8993067E-02  0.4994220E+05
  0.9593620E-02  0.4635901E+05
  0.1023291E-01  0.4286408E+05
  0.1091342E-01  0.3946882E+05
  0.1163783E-01  0.3618463E+05
  0.1240895E-01  0.3302270E+05
  0.1322981E-01  0.2999384E+05
  0.1410361E-01  0.2710824E+05
  0.1503376E-01  0.2437526E+05
  0.1602391E-01  0.2180318E+05
  0.1707791E-01  0.1939898E+05
  0.1819989E-01  0.1716813E+05
  0.1939423E-01  0.1511438E+05
  0.2066560E-01  0.1323958E+05
  0.2201897E-01  0.1154355E+05
  0.2345962E-01  0.1002400E+05
  0.2499319E-01  0.8676467E+04
  0.2662566E-01  0.7494388E+04
  0.2836341E-01  0.6469175E+04
  0.3021325E-01  0.5590400E+04
  0.3218238E-01  0.4846035E+04
  0.3427852E-01  0.4222767E+04
  0.3650984E-01  0.3706370E+04
  0.3888508E-01  0.3282113E+04
  0.4141350E-01  0.2935208E+04
  0.4410499E-01  0.2651253E+04
  0.4697006E-01  0.2416665E+04
  0.5001992E-01  0.2219070E+04
  0.5326648E-01  0.2047636E+04
  0.5672242E-01  0.1893321E+04
  0.6040126E-01  0.1749023E+04
  0.6431735E-01  0.1609627E+04
  0.6848601E-01  0.1471945E+04
  0.7292353E-01  0.1334546E+04
  0.7764725E-01  0.1197506E+04
  0.8267561E-01  0.1062078E+04
  0.8802828E-01  0.9303206E+03
  0.9372617E-01  0.8047131E+03
  0.9979154E-01  0.6877792E+03
  0.1062481E+00  0.5817558E+03
  0.1131211E+00  0.4883289E+03
  0.1204373E+00  0.4084561E+03
  0.1282254E+00  0.3422845E+03
  0.1365157E+00  0.2891675E+03
  0.1453408E+00  0.2477690E+03
  0.1547350E+00  0.2162373E+03
  0.1647351E+00  0.1924243E+03
  0.1753802E+00  0.1741191E+03
  0.1867118E+00  0.1592665E+03
  0.1987742E+00  0.1461440E+03
  0.2116146E+00  0.1334792E+03
  0.2252831E+00  0.1204973E+03
  0.2398332E+00  0.1069007E+03
  0.2553216E+00  0.9279214E+02
  0.2718090E+00  0.7855882E+02
  0.2893597E+00  0.6474013E+02
  0.3080424E+00  0.5189942E+02
  0.3279300E+00  0.4051813E+02
  0.3491002E+00  0.3092344E+02
  0.3716358E+00  0.2325436E+02
  0.3956248E+00  0.1746409E+02
  0.4211609E+00  0.1335167E+02
  0.4483440E+00  0.1061209E+02
  0.4772803E+00  0.8893345E+01
  0.5080827E+00  0.7849736E+01
  0.5408718E+00  0.7183149E+01
  0.5757756E+00  0.6668002E+01
  0.6129305E+00  0.6159154E+01
  0.6524817E+00  0.5585454E+01
  0.6945837E+00  0.4933656E+01
  0.7394010E+00  0.4228116E+01
  0.7871088E+00  0.3511051E+01
  0.8378935E+00  0.2826672E+01
  0.8919536E+00  0.2210754E+01
  0.9495002E+00  0.1685645E+01
  0.1010758E+01  0.1259685E+01
  0.1075967E+01  0.9295070E+00
  0.1145382E+01  0.6837355E+00
  0.1219273E+01  0.5068499E+00
  0.1297930E+01  0.3824574E+00
  0.1381660E+01  0.2955945E+00
  0.1470790E+01  0.2340133E+00
  0.1565668E+01  0.1886059E+00
  0.1666665E+01  0.1532165E+00
  0.1774177E+01  0.1241030E+00
  0.1888622E+01  0.9926909E-01
  0.2010448E+01  0.7782429E-01
  0.2140131E+01  0.5946379E-01
  0.2278178E+01  0.4410144E-01
  0.2425129E+01  0.3165128E-01
  0.2581557E+01  0.2192916E-01
  0.2748073E+01  0.1463709E-01
  0.2925329E+01  0.9394654E-02
  0.3114017E+01  0.5788038E-02
  0.3314875E+01  0.3417239E-02
  0.3528686E+01  0.1930443E-02
  0.3756288E+01  0.1042327E-02
  0.3998568E+01  0.5378483E-03
  0.4256474E+01  0.2657410E-03
  0.4531013E+01  0.1264778E-03
  0.4823259E+01  0.5877419E-04
  0.5134353E+01  0.2733651E-04
  0.5465511E+01  0.1318683E-04
  0.5818027E+01  0.6819508E-05
  0.6193278E+01  0.3809657E-05
  0.6592731E+01  0.2241908E-05
  0.7017946E+01  0.1336157E-05
  0.7470585E+01  0.7798601E-06
  0.7952417E+01  0.4360638E-06
  0.8465324E+01  0.2305652E-06
  0.9011311E+01  0.1143622E-06
  0.9592511E+01  0.5291683E-07
  0.1021120E+02  0.2273603E-07
  0.1086978E+02  0.9030790E-08
  0.1157084E+02  0.3301064E-08
  0.1231712E+02  0.1105109E-08
  0.1311153E+02  0.3370802E-09
  0.1395717E+02  0.9315908E-10
  0.1485735E+02  0.2318944E-10
  0.1581558E+02  0.5165970E-11
  0.1683562E+02  0.1022911E-11
  0.1792145E+02  0.1787188E-12
  0.1907730E+02  0.2733692E-13
  0.2030770E+02  0.3630280E-14
  0.2161746E+02  0.4148010E-15
  0.2301168E+02  0.4039261E-16
  0.2449583E+02  0.3314560E-17
  0.2607570E+02  0.2267900E-18
  0.2775746E+02  0.1288934E-19
