    2.000    3.000   -2.000    1.000    5.000 
    1.000    1.000   -1.000   -2.000   -2.000 
    1.000    2.000   -1.000    2.000    5.000 
   -1.000   -2.000    2.000    1.000   -1.000 
 
R2 -----> R2 - (   0.50000) x R1
 
R3 -----> R3 - (   0.50000) x R1
 
R4 -----> R4 + (   0.50000) x R1
 
    2.000    3.000   -2.000    1.000    5.000 
    0.000   -0.500    0.000   -2.500   -4.500 
    0.000    0.500    0.000    1.500    2.500 
    0.000   -0.500    1.000    1.500    1.500 
 
R3 -----> R3 + (   1.00000) x R2
 
R4 -----> R4 - (   1.00000) x R2
 
    2.000    3.000   -2.000    1.000    5.000 
    0.000   -0.500    0.000   -2.500   -4.500 
    0.000    0.000    0.000   -1.000   -2.000 
    0.000    0.000    1.000    4.000    6.000 
 
R3 <-----> R4
 
    2.000    3.000   -2.000    1.000    5.000 
    0.000   -0.500    0.000   -2.500   -4.500 
    0.000    0.000    1.000    4.000    6.000 
    0.000    0.000    0.000   -1.000   -2.000 
 
R4 -----> R4 + (   0.00000) x R3
 
    2.000    3.000   -2.000    1.000    5.000 
    0.000   -0.500    0.000   -2.500   -4.500 
    0.000    0.000    1.000    4.000    6.000 
    0.000    0.000    0.000   -1.000   -2.000 
 
 Final row-echelon form of augmented matrix:
 
    2.000    3.000   -2.000    1.000    5.000 
    0.000   -0.500    0.000   -2.500   -4.500 
    0.000    0.000    1.000    4.000    6.000 
    0.000    0.000    0.000   -1.000   -2.000 
 
 Solution =   [    1.000   -1.000   -2.000    2.000 ]
